evaluations raw_y x0 x1 x2 x3 x4 x5 x6 x7 x8 x9 x10
1 -0.4553649987 -0.185554 -0.049453 0.424964 0.439932 -0.703704 0.432370 0.197411 -0.262492 0.491262 0.154614 -0.012634
2 -0.2829442421 0.185554 0.049453 -0.424964 -0.439932 0.703704 -0.432370 -0.197411 0.262492 -0.491262 -0.154614 0.012634
3 -0.3223922569 0.111049 0.462803 -0.278829 0.084003 -0.836952 -0.028571 0.053761 -0.389878 0.054314 0.201680 0.013575
4 -0.2999242040 -0.111049 -0.462803 0.278829 -0.084003 0.836952 0.028571 -0.053761 0.389878 -0.054314 -0.201680 -0.013575
5 -0.3645575625 0.082473 -0.361511 0.669732 -0.075991 -1.000000 -0.996109 0.407421 0.268972 -0.262391 -0.316440 0.069102
6 -0.3658218843 -0.082473 0.361511 -0.669732 0.075991 1.000000 0.996109 -0.407421 -0.268972 0.262391 0.316440 -0.069102
7 -0.2109440473 -0.051088 0.355776 -0.951418 -0.951176 -1.000000 0.117148 0.250348 -0.934610 -0.847026 0.361318 -1.000000
8 -0.1306569750 0.051088 -0.355776 0.951418 0.951176 1.000000 -0.117148 -0.250348 0.934610 0.847026 -0.361318 1.000000
9 -0.1541532156 -0.621954 -0.126226 -1.000000 0.759306 1.000000 0.983449 0.923762 0.384748 0.576314 0.940954 -0.173782
10 -0.0631971607 0.621954 0.126226 1.000000 -0.759306 -1.000000 -0.983449 -0.923762 -0.384748 -0.576314 -0.940954 0.173782
11 -0.2453122362 0.856932 0.101573 -0.417901 0.555934 0.066065 -0.143573 0.236655 0.145604 -0.112065 1.000000 -0.517184
12 -0.3487061216 0.090565 0.750489 0.262207 0.289865 -0.289504 0.747599 -1.000000 -0.783260 0.148973 0.272002 -0.175055
13 -0.3536644158 0.169648 0.267592 -0.086478 -0.025383 0.824247 0.941692 -0.020831 -0.532362 0.761562 0.025403 0.054826
14 -0.1969173922 -0.333207 -0.190281 0.291527 0.427083 -1.000000 -0.379655 0.116971 0.212855 -0.282704 0.190520 -0.077662
15 -0.2185284328 0.067952 0.366993 0.510001 -1.000000 -0.650674 0.075255 0.018133 -0.737129 0.392625 -0.219669 -0.153647
16 -0.3527318196 -0.231512 -0.289682 -0.304952 1.000000 0.150991 0.486782 0.078007 0.417622 0.086233 0.435591 0.130812
17 -0.2767850210 0.019618 0.044995 0.350131 1.000000 -0.312751 -0.406662 -0.731764 -0.718917 0.298506 0.588448 -0.234595
18 -0.3601725724 -0.183178 0.032316 -0.145081 -0.781324 -0.186932 0.968699 0.827904 0.399410 0.180353 -0.372526 0.211760
19 -0.5390974318 -0.372529 -0.055302 -0.187764 0.144784 -0.144212 0.001653 0.377220 -0.075527 0.206164 0.341164 -0.792536
20 -0.1122163373 0.208969 0.132612 0.392814 0.256916 -0.355470 0.560384 -0.281080 -0.243980 0.272694 -0.125241 0.769700
21 -0.1375696409 0.110225 0.207044 0.660463 0.513252 0.272464 -0.320286 -0.051951 0.126116 0.356713 0.411259 -0.702274
22 -0.0860943076 -0.273785 -0.129734 -0.455413 -0.111552 -0.772146 0.882324 0.148091 -0.445623 0.122145 -0.195336 0.679438
23 -0.5496432718 0.239283 -0.120456 -0.069297 0.165931 -0.000071 0.388749 -0.201429 0.190738 1.000000 0.397945 -1.000000
24 -0.0866286738 -0.636516 0.188190 -0.233534 -0.241799 0.055691 0.595880 0.882416 -0.209441 -0.497424 -0.184180 0.889586
25 -0.1943092376 -0.316403 -0.074501 -0.749579 0.859616 0.704513 0.712174 0.472835 -0.884773 0.445865 0.301741 0.034780
26 -0.3546307301 -0.080830 0.142235 0.446748 -0.935484 -0.648892 0.272455 0.208153 0.866070 0.109134 -0.087976 -0.575745
27 -0.1373421506 0.402593 0.714118 -0.288320 0.023429 0.675473 0.222262 0.075861 -1.000000 -0.358948 0.283207 0.574169
28 -0.3690942181 -0.799826 -0.646384 -0.014511 -0.099296 -0.619853 0.762367 0.605126 1.000000 0.913946 -0.069442 -1.000000
29 -0.2185955056 -0.432968 0.513319 -0.502712 0.407007 -0.322776 0.312354 0.450756 -0.854736 0.124023 -0.752514 0.319039
30 -0.2618906380 0.035735 -0.445585 0.199881 -0.482874 0.378396 0.672275 0.230232 0.836033 0.430976 0.966278 -0.860004
31 -0.3454836170 -0.326262 -0.253704 0.352066 -0.158689 0.096049 0.558902 0.571074 0.495734 0.336905 0.402005 -0.134894
32 -0.3110483509 -0.070971 0.321438 -0.654897 0.082822 -0.040428 0.425727 0.109913 -0.514437 0.218094 -0.188240 -0.406072
33 -0.3936645708 -0.938697 -0.092470 -0.630912 0.330969 -0.051145 0.454436 -0.424317 0.759086 -0.604241 0.073492 -0.729634
34 -0.3735687808 -0.316031 -0.163263 -0.981250 -0.187163 -0.218187 -0.895692 0.187675 0.611732 0.971749 0.300199 -0.719849
35 -0.6118793933 -0.622992 0.088145 -0.067410 0.080526 -0.257462 0.442980 0.473571 0.587749 0.251634 0.375668 -1.000000
36 -0.2003150718 0.024051 -0.449682 -0.211648 0.007624 -0.093295 0.485554 -0.578628 0.520005 0.643580 -0.000126 -0.354101
37 -0.3108682992 -1.000000 -0.721842 0.360996 -0.292477 -0.296738 0.429980 0.102136 1.000000 0.959017 -0.030819 -1.000000
38 -0.2238895729 0.427131 0.360305 -0.640053 0.380627 -0.054018 0.498553 -0.207193 0.058359 -0.063803 0.406362 -0.344583
39 -0.1238139098 0.524067 -0.147836 -0.129005 -0.534557 0.131001 0.578241 0.489895 0.770354 -0.361423 0.589168 -0.491879
40 -0.3155949841 -1.000000 -0.213700 -0.150053 0.622707 -0.481758 0.350292 -0.594953 0.337399 1.000000 -0.213626 -1.000000
41 -0.2623960002 0.295603 0.050511 -0.181582 -0.238905 -0.347160 0.512063 -0.199770 0.795568 0.024235 0.456047 -0.732972
42 -0.3328003670 -0.894544 -0.412048 -0.097476 0.327055 -0.003597 0.416471 0.094713 0.312185 0.870980 -0.080504 -0.966510
43 -0.2346061419 -0.262775 0.047251 -0.167598 0.970275 0.153111 -0.019881 0.554099 0.190647 0.841672 -0.218313 -0.717799
44 -0.3742815890 -0.336166 -0.408788 -0.111459 -0.882125 -0.503868 0.948414 -0.659156 0.917107 0.053543 0.593855 -0.981684
45 -0.5431116951 -0.182905 -0.094670 0.184651 -0.311706 -0.365245 -0.056108 -0.394786 0.047597 0.731974 0.798077 -1.000000
46 -0.4673606128 -0.895727 -0.197978 -0.659450 -0.027957 -0.236674 0.750152 0.483193 1.000000 0.092099 -0.097090 -0.818667
47 -0.4081045654 -0.447042 0.061313 -0.976044 -0.178421 0.295162 0.791348 0.641163 0.585468 0.430209 0.767188 -0.807962
48 -0.1818306591 -0.631590 -0.353962 0.501246 -0.161242 -0.897081 -0.097304 -0.552756 0.696032 0.393864 -0.066201 -1.000000
49 -0.3859049076 -0.877169 0.004752 -0.301893 -0.510960 0.194185 0.094421 0.154275 0.913954 0.354964 0.377541 -0.717299
50 -0.5885526358 -0.201463 -0.297400 -0.172905 0.171297 -0.796104 0.599623 -0.065868 0.367546 0.469109 0.323446 -1.000000
51 -0.5128425333 -0.710870 -0.313801 -0.890466 -0.692984 -0.055173 0.250670 0.108136 0.017230 0.921563 -0.082603 -0.943452
52 -0.5389002181 -0.367762 0.021153 0.415668 0.353321 -0.546746 0.443374 -0.019729 1.000000 -0.097491 0.783590 -0.947284
53 -0.3813108491 0.023166 -0.012538 0.405869 0.165200 -0.444121 -0.047807 0.304609 0.546843 0.136261 -0.100545 -0.991893
54 -0.2938635105 -1.000000 -0.280110 -0.880668 -0.504863 -0.157798 0.741851 -0.216202 0.734657 0.687812 0.801531 -0.898843
55 -0.3714463878 -0.990836 -0.272015 -0.753525 -0.282726 -0.236301 -0.543827 0.293317 1.000000 0.177037 0.708895 -0.664479
56 -0.2727043804 -0.233158 -0.063924 0.691063 0.196949 -1.000000 0.360157 -0.389533 -0.037338 0.764819 1.000000 -0.720757
57 -0.0444723300 0.049600 -0.343596 -0.159827 0.485040 -0.782104 1.000000 -0.676605 0.600879 0.557613 1.000000 -0.439959
58 -0.5167868954 -0.657741 -0.033046 0.015934 -0.521813 -0.307333 -0.364633 0.468771 0.163054 0.385768 -0.180580 -1.000000
59 -0.6203130057 -0.264609 0.422475 -0.411995 -0.261269 -0.312726 -0.120501 -0.686787 0.464719 0.149420 0.449703 -1.000000
60 -0.4064876517 -0.343532 -0.799117 0.268102 0.224496 -0.776710 0.867735 0.478953 0.299214 0.793961 0.484423 -0.784115
61 -0.3999706794 -0.998415 -0.129383 0.452144 -0.068624 -0.582828 0.222198 -0.529702 0.402351 -0.071762 0.227181 -1.000000
62 -0.0669760420 0.390274 -0.247259 -0.596037 0.031852 -0.506609 0.525036 0.321868 0.361582 1.000000 0.706945 -0.734602
63 -0.6174606249 -0.767638 -0.084653 -0.655054 0.346593 -0.234303 0.530148 -0.484807 0.706460 -0.170919 0.313636 -1.000000
64 -0.3224762502 0.159497 -0.291989 0.511161 -0.383366 -0.855134 0.217086 0.276973 0.057473 1.000000 0.620490 -0.852553
65 -0.3726793317 -0.561975 -0.232712 -0.191668 -0.127666 -0.622691 0.037336 -0.470385 0.061165 1.000000 0.801139 -0.735679
66 -0.6246212322 -0.046166 -0.143930 0.047775 0.090894 -0.466746 0.709898 0.262551 0.702768 -0.068735 0.132987 -1.000000
67 -0.6004728096 -0.138123 -0.110226 -0.257647 0.238915 -0.459158 0.408802 -0.305258 1.000000 -0.304455 0.123522 -1.000000
68 -0.4120090543 -0.453937 0.104700 -0.109494 -0.265085 -0.312059 0.318748 0.140929 0.014553 0.411711 0.339080 -0.569600
69 -0.5998373580 -0.289509 0.215984 -0.380776 0.019894 -0.406526 0.742028 -0.192184 0.511769 -0.607539 0.128061 -1.000000
70 -0.4977755117 -0.302551 -0.221510 0.013635 -0.046064 -0.364691 -0.014479 0.027855 0.629400 0.714795 0.334541 -0.756267
71 -0.4637283726 -1.000000 -0.041684 -0.690612 0.342038 -0.193902 0.302701 -0.838860 0.732076 -0.292256 0.158981 -1.000000
72 -0.0881003510 0.699433 0.036158 0.323471 -0.368207 -0.577315 0.424848 0.674531 0.409094 0.399512 0.303621 -0.529766
73 -0.5645571422 -1.000000 -0.268967 -0.558604 -0.233141 -0.019281 0.522362 -0.033882 0.738767 -0.087286 0.247724 -1.000000
74 -0.1393213728 0.630925 0.263441 0.191463 0.206971 -0.751937 0.205187 -0.130447 0.402403 0.194542 0.214878 -0.661815
75 -0.0652521583 -0.275780 -0.790228 0.250398 0.862493 -0.701186 -0.461714 -0.449836 0.904296 -0.160959 0.103036 -0.496454
76 -0.4492255491 -0.316279 0.784702 -0.617539 -0.888662 -0.070031 1.000000 0.285508 0.236873 0.268215 0.359566 -1.000000
77 -0.5909191974 -0.420022 -0.007578 -0.071209 -0.098161 -0.341900 -0.131295 0.474768 0.259659 0.088218 -0.057119 -1.000000
78 -0.4335427926 0.175788 -0.381412 -0.659734 0.004337 -0.595694 0.724589 -0.122438 0.960356 -0.127918 0.249307 -0.808879
79 -0.5271887228 -0.542057 -0.195843 -0.672425 -0.023555 -0.324214 0.737529 0.231520 0.689096 0.342044 0.105634 -0.736107
80 -0.5168459085 -0.089546 0.140747 0.119441 0.157310 -0.433636 0.061179 -0.441363 0.724502 -0.848783 0.126360 -1.000000
81 -0.6238559681 0.125503 0.143099 -0.231822 0.238910 -0.528857 -0.184640 0.180695 0.403770 0.088420 0.686119 -1.000000
82 -0.4098999034 -0.757106 -0.198194 -0.321162 -0.105155 -0.228992 0.983348 -0.390538 1.000000 -0.595158 -0.454125 -0.927979
83 -0.4930182481 0.021228 0.002237 -0.215388 0.288477 -0.318177 0.029997 0.252643 0.948660 0.026312 0.140817 -0.702736
84 -0.5090996772 -0.652831 -0.057333 -0.337597 -0.154723 -0.439672 0.768711 -0.462486 0.464938 -0.533051 0.091176 -1.000000
85 -0.3892010147 -0.530807 -0.000237 0.165804 -0.015949 -0.825135 0.746179 0.085640 0.579397 -0.392728 0.156982 -0.733915
86 -0.6676920915 -0.100796 -0.054859 -0.718788 0.149704 0.067286 0.052529 -0.295483 0.834201 -0.114010 0.075012 -1.000000
87 -0.4527521055 -0.451299 -0.123373 -0.813729 -0.019435 -0.284729 0.390326 -0.372944 1.000000 -0.882677 -0.010899 -0.601870
88 -0.6819333012 -0.180304 0.068277 0.260745 0.153190 -0.473120 0.408382 0.163101 0.410826 0.375939 0.242892 -1.000000
89 -0.6073013208 -0.234959 0.051645 0.313627 0.090654 -0.465709 -0.066176 -0.148333 0.379927 -0.018200 0.201179 -0.924008
90 -0.6302655559 -0.044530 -0.000098 -0.665571 0.208377 -0.181997 0.532047 0.199285 0.743910 0.302793 0.306605 -1.000000
91 -0.5450428828 0.061003 -0.659717 -0.508070 0.183329 -0.309307 0.287941 0.319440 0.649276 0.090919 0.423166 -1.000000
92 -0.4561451362 -0.340492 0.711264 0.156126 0.115702 -0.338399 0.177930 -0.268488 0.474561 0.193674 0.084619 -0.866605
93 -0.6936223406 -0.087276 -0.198509 -0.698595 -0.122665 -0.155614 0.294568 -0.018058 -0.133205 0.148592 -0.064687 -1.000000
94 -0.3373756963 -0.192213 0.250056 0.346651 0.421697 -0.492092 0.171303 0.069010 1.000000 0.136001 0.572472 -0.639211
95 -0.3464856748 -0.206817 -0.208036 -0.407377 0.608914 -0.216223 0.145816 0.219134 0.187937 0.349660 -0.620424 -0.990746
96 -0.5641596359 -0.072672 0.259582 0.055433 -0.309883 -0.431484 0.320055 -0.168182 0.935900 -0.065066 1.000000 -0.957951
97 -0.6202847397 -0.429632 0.002814 -0.436999 0.270573 -0.464950 -0.069960 -0.068543 0.372794 -0.053700 0.282857 -1.000000
98 -0.3533750011 0.150144 0.048732 0.085055 0.028459 -0.182756 0.535831 0.119496 0.751043 0.338293 0.224927 -0.744978
99 -0.6154280812 -0.120655 0.036511 -0.398108 0.412986 -0.202628 0.362683 -0.027264 0.683391 0.226911 0.042293 -0.885968
100 -0.6367292038 -0.085372 -0.207364 -0.648430 -0.036052 -0.529663 0.292140 0.109623 0.093829 0.179341 -0.016585 -1.000000
101 -0.4395779055 -0.011140 0.254806 -0.781719 0.211802 -0.622044 0.145892 0.055856 0.273818 0.675903 0.159190 -1.000000
102 -0.5868267047 -0.274074 -0.412847 -0.364235 -0.029286 0.157866 0.428895 -0.007444 0.293561 -0.364079 0.066556 -0.961338
103 -0.5790273851 -0.609565 -0.374215 -0.378793 -0.167372 -0.313474 0.478139 -0.097845 0.334170 0.234132 0.281813 -0.955525
104 -0.5550535923 0.324351 0.216174 -0.767161 0.349888 -0.150704 0.096647 0.146257 0.233210 0.077693 -0.056068 -1.000000
105 -0.6906226449 0.016633 -0.166276 -0.717672 -0.251420 0.057743 -0.187925 -0.153061 0.061793 -0.018723 -0.165826 -1.000000
106 -0.4178296907 -0.301846 0.008235 -0.428282 0.433936 -0.521920 0.762712 0.201474 0.505587 0.330547 0.391571 -0.949940
107 -0.4308911964 -0.011579 -0.115260 -0.769973 0.024722 -0.124222 0.413986 0.105196 0.332417 -0.099933 0.545207 -0.502432
108 -0.7047427688 -0.273635 -0.042781 -0.375980 0.157794 -0.339956 0.160800 -0.056783 0.234963 0.411757 -0.319462 -1.000000
109 -0.6280975022 -0.480138 0.516170 -0.454267 0.012554 -0.035160 0.100864 0.426189 0.134482 -0.059803 0.090867 -1.000000
110 -0.4391478309 0.194924 -0.674210 -0.691687 0.169962 -0.429018 0.473923 -0.377777 0.432898 0.371627 0.134878 -0.938655
111 -0.5103862443 -0.482185 0.131132 -0.227019 0.210970 -0.403290 0.057668 0.086733 -0.392548 0.389973 -0.439782 -1.000000
112 -0.4465028377 0.110196 -0.260128 -0.809666 -0.219947 -0.027410 0.135676 -0.097504 0.709941 -0.029949 0.095959 -0.990793
113 -0.5929011453 -0.141983 -0.192552 -0.897858 0.172158 -0.025572 -0.290941 0.046762 0.220407 0.319122 -0.255875 -0.799507
114 -0.6973818120 -0.230006 0.063555 -0.138827 -0.181135 -0.405129 0.484285 -0.057533 0.096986 0.040901 -0.087948 -1.000000
115 -0.1694128636 0.330356 0.358403 -0.270105 -0.021991 -0.702578 0.448847 0.147139 0.312398 0.094502 -0.435843 -0.642329
116 -0.5062182696 -0.702345 -0.487400 -0.766580 0.013014 0.271878 -0.255503 -0.157909 0.004995 0.265521 0.092020 -1.000000
117 -0.5830195028 0.123708 -0.213094 -0.752085 -0.127372 0.099273 0.095896 -0.329428 0.397435 0.414104 0.045000 -1.000000
118 -0.4471546978 -0.495697 0.084098 -0.284599 0.118395 -0.529973 0.097448 0.318658 -0.080042 -0.054081 -0.388823 -0.813327
119 -0.6257232457 -0.358594 0.172842 -0.365777 -0.158092 -0.118781 0.277455 -0.283236 0.397225 0.307768 -0.320029 -0.755487
120 -0.6301477051 -0.013395 -0.301839 -0.670908 0.149115 -0.311919 -0.084111 0.272465 -0.079832 0.052255 -0.023794 -1.000000
121 -0.6412360271 -0.257571 -0.182502 -0.324123 0.130447 -0.167382 0.377491 -0.118452 0.413434 0.195718 -0.419573 -1.000000
122 -0.6382078573 -0.348167 -0.017308 -0.190669 0.062054 0.028485 0.120247 -0.031442 0.069006 0.149541 -0.133540 -0.764945
123 -0.5664534052 -0.229595 -0.369967 -0.676833 -0.206064 -0.207983 0.335910 -0.527752 0.271073 -0.054466 -0.148539 -1.000000
124 -0.5672817217 -0.190252 0.244890 0.014270 0.153038 -0.357217 0.279528 0.455508 0.099980 0.297793 -0.240516 -0.829345
125 -0.7128191991 -0.386510 -0.263417 -0.116025 0.241717 -0.116053 0.288074 -0.282606 0.127857 -0.235758 -0.214539 -0.949737
126 -0.6582673794 -0.033336 0.138340 -0.546538 -0.294743 -0.449147 0.327364 0.210362 0.243197 0.479085 -0.174517 -0.985201
127 -0.4328808630 -0.404642 -0.053320 -0.797097 -0.241226 -0.567048 0.572316 -0.020395 -0.139169 -0.390184 -0.377897 -0.904380
128 -0.5535335388 -0.015204 -0.071757 0.134534 0.188200 0.001848 0.043122 -0.051849 0.510223 0.633511 -0.011158 -1.000000
129 -0.5994084458 -0.331167 -0.014857 -0.256170 -0.224486 -0.524389 0.035963 -0.019878 -0.025951 0.069192 0.027449 -0.805045
130 -0.6232617397 -0.088680 -0.110220 -0.406393 0.171460 -0.040811 0.579475 -0.052366 0.397004 0.174135 -0.416505 -1.000000
131 -0.6051871326 0.015515 0.032528 -0.352578 0.202792 0.031345 0.436329 -0.117904 0.446739 0.773532 -0.422564 -1.000000
132 -0.5664023237 -0.435362 -0.157605 -0.309985 -0.255818 -0.596545 0.179110 0.045660 -0.075686 -0.530205 0.033509 -0.789061
133 -0.6838630520 -0.251804 0.068890 -0.478064 0.149023 -0.391554 0.334459 0.036468 0.411917 0.301990 0.002595 -1.000000
134 -0.6486405302 -0.229396 -0.246654 -0.082693 -0.024938 0.059540 0.276219 -0.199380 -0.034807 -0.100999 -0.441120 -0.777223
135 -0.5613652817 -0.209717 -0.004270 -0.362734 0.117719 -0.292997 -0.202779 0.040196 -0.054392 0.220871 -0.191541 -0.789583
136 -0.6249646459 -0.271483 -0.173494 -0.198023 0.006366 -0.039017 0.813458 -0.203108 0.431502 -0.019879 -0.246984 -1.000000
137 -0.5506124945 -0.555244 0.094540 -0.126499 -0.012788 -0.198568 -0.069534 -0.187086 0.013585 0.624223 -0.260206 -0.913920
138 -0.4980614553 0.074044 -0.272304 -0.434258 0.136872 -0.133447 0.680213 0.024174 0.363525 -0.423232 -0.178320 -0.956986
139 -0.6786957742 -0.249324 0.024306 -0.181277 -0.226417 -0.330246 0.628571 -0.111031 0.268353 0.067202 -0.276782 -0.866439
140 -0.7645262096 -0.231876 -0.202070 -0.379480 0.350502 -0.001768 -0.017893 -0.051881 0.108757 0.133789 -0.161743 -1.000000
141 -0.4722328580 -0.457054 0.175689 -0.614844 0.285024 -0.164194 0.393768 0.081331 0.037449 0.296806 -0.260489 -0.810046
142 -0.6320067272 -0.024146 -0.353453 0.054087 -0.160940 -0.167820 0.216911 -0.244243 0.339661 -0.095815 -0.178036 -1.000000
143 -0.7409022942 -0.076684 0.027915 -0.164423 0.385646 -0.035599 -0.033275 0.070555 0.300466 0.081904 -0.124404 -1.000000
144 -0.5493732046 -0.347626 -0.116172 -0.417891 0.000510 -0.085370 0.233489 0.018933 0.247426 -0.118312 -0.065586 -0.649920
145 -0.1975072776 0.078587 -0.140358 -0.298005 0.527133 -0.371855 0.172884 -0.284391 -0.104126 0.203017 -0.306035 -0.746713
146 -0.6724941397 -0.470390 -0.012475 -0.315962 -0.019554 0.162458 0.051716 0.250091 0.541851 0.059662 0.010046 -1.000000
147 -0.7014672988 -0.273706 0.047513 -0.383056 0.175096 -0.228109 0.296038 0.050686 0.378357 0.250303 -0.169543 -0.966911
148 -0.7275865470 -0.118097 -0.200347 -0.230910 0.332483 0.018711 -0.071437 -0.084987 0.059368 0.012375 -0.126446 -0.987650
149 -0.6739958746 -0.125760 0.149042 -0.489079 0.558547 -0.376308 0.167447 -0.078773 0.651358 0.017428 0.024657 -1.000000
150 -0.5014959111 -0.266044 -0.301876 -0.124887 -0.050968 0.166910 0.057153 0.044472 -0.213633 0.245250 -0.320646 -0.597380
151 -0.4308776071 -0.304260 -0.010274 -0.399997 0.630979 -0.311344 0.036041 0.235094 0.501025 0.104081 -0.385524 -0.773452
152 -0.7329066913 -0.087543 -0.142560 -0.213969 -0.123400 0.101946 0.188560 -0.269395 -0.063299 0.158598 0.089535 -1.000000
153 -0.6323990632 0.008239 -0.007254 -0.363312 0.086920 0.291653 -0.039388 -0.366988 0.133812 0.600783 0.128149 -0.965345
154 -0.5889922299 -0.400043 -0.145580 -0.250654 0.420660 -0.501050 0.263988 0.332687 0.303913 -0.338105 -0.424137 -0.989216
155 -0.7179988850 -0.179370 -0.163305 -0.299285 0.111530 0.184149 -0.033790 -0.081342 -0.089633 -0.083438 0.037698 -0.959755
156 -0.6877840112 -0.114577 -0.021023 -0.256171 0.122661 -0.221477 0.293608 -0.171466 0.366264 0.317995 -0.078058 -1.000000
157 -0.4907255186 -0.162605 0.037497 -0.667516 0.296148 -0.188977 0.049880 -0.092196 0.191791 0.289598 0.321673 -0.821494
158 -0.6662110016 -0.131342 -0.221826 0.112060 -0.061957 0.151650 0.209939 -0.160612 0.084840 -0.055041 -0.362034 -1.000000
159 -0.6404012068 -0.082889 0.057657 -0.391023 0.486676 0.049661 -0.354694 -0.061073 0.180225 0.030378 0.079651 -1.000000
160 -0.6524839510 -0.211058 -0.241985 -0.164433 -0.252485 -0.086989 0.614513 -0.191734 0.096406 0.204179 -0.120012 -0.934193
161 -0.6869732378 -0.058611 -0.144588 -0.150319 0.223905 -0.068918 0.018094 -0.211717 -0.010330 -0.205234 -0.229904 -0.833804
162 -0.7012469653 -0.235336 -0.039741 -0.405137 0.010286 0.031591 0.241725 -0.041090 0.286961 0.439792 0.189543 -1.000000
163 -0.6415476818 -0.278085 -0.096764 -0.285051 0.299624 0.253993 0.060461 -0.110822 0.158743 -0.114730 -0.228886 -0.791552
164 -0.7338508225 -0.015861 -0.087565 -0.270405 -0.065433 -0.291321 0.199358 -0.141985 0.117888 0.349287 0.188525 -1.000000
165 -0.7189378858 -0.053502 -0.254405 -0.427384 -0.039586 0.216466 -0.092918 -0.283802 0.188156 0.059550 0.201140 -1.000000
166 -0.7185876880 -0.160231 -0.178270 -0.367331 -0.317791 -0.309326 0.116468 -0.371233 0.202622 0.144669 -0.019445 -0.883626
167 -0.5880862813 0.034362 -0.091479 -0.717142 -0.035905 -0.192979 -0.106916 -0.261264 0.357143 0.457925 0.192689 -0.799094
168 -0.7460658183 -0.191550 -0.181591 0.059098 0.008628 0.104712 0.290667 -0.060216 -0.098740 -0.040922 0.117774 -1.000000
169 -0.6548738164 0.093422 -0.032918 -0.482963 -0.284874 0.173407 -0.216549 -0.122555 -0.112556 0.239274 0.400576 -0.978488
170 -0.6525704842 -0.250609 -0.240152 -0.175082 0.257597 -0.261674 0.400300 -0.198925 0.370959 0.177730 -0.090113 -1.000000
171 -0.6597657218 -0.034524 -0.273075 -0.299211 -0.359586 -0.099277 -0.016002 -0.247986 0.567481 0.552250 0.366668 -1.000000
172 -0.6529055374 -0.122664 0.000005 -0.358833 0.332309 0.011010 0.199753 -0.073495 -0.309078 -0.135246 -0.056205 -0.975323
173 -0.6201628827 -0.066880 -0.019781 -0.134581 0.079597 0.092161 0.057112 -0.361507 -0.086596 0.120534 0.087196 -0.768839
174 -0.7060396668 -0.090307 -0.253289 -0.523464 -0.106874 -0.180428 0.126639 0.040027 0.344999 0.296470 0.223267 -1.000000
175 -0.5602256593 -0.065901 -0.150170 -0.402304 -0.266559 -0.042344 0.379585 -0.402483 0.046262 0.334613 0.347123 -0.749921
176 -0.7014831526 -0.091286 -0.122900 -0.255741 0.239282 -0.045923 -0.195833 0.081003 0.212141 0.082391 -0.036660 -1.000000
177 -0.6635503098 -0.117787 -0.154251 -0.252771 0.058759 -0.177167 0.161870 -0.297845 0.524242 0.071768 0.117576 -0.921203
178 -0.7484960714 -0.181950 -0.227597 -0.139792 -0.239177 0.026618 0.151805 0.057939 -0.296831 0.132103 0.072487 -1.000000
179 -0.6884747145 -0.273275 -0.198590 -0.220569 -0.049369 -0.143561 0.280308 -0.240575 0.164207 -0.005830 0.051981 -0.959272
180 -0.7559488904 -0.026462 -0.183258 -0.171994 -0.131049 -0.006988 0.033367 0.000670 0.063204 0.209701 0.138083 -0.979428
181 -0.7182921414 0.012455 -0.402303 -0.224961 -0.114406 0.091081 0.353839 -0.107269 0.232210 0.055552 0.185714 -1.000000
182 -0.6266395748 -0.312192 0.020454 -0.167602 -0.066012 -0.241631 -0.040163 -0.132636 -0.004799 0.148319 0.004349 -0.799214
183 -0.5796408493 -0.402872 -0.198893 -0.177815 -0.214587 0.147746 0.063260 -0.197439 0.155991 0.152628 0.002747 -0.735555
184 -0.7152450676 0.103135 -0.182956 -0.214748 0.034169 -0.298295 0.250415 -0.042466 0.071420 0.051243 0.187316 -1.000000
185 -0.6545671985 -0.146182 -0.126169 -0.151454 -0.231742 0.050040 0.151109 -0.000705 0.292715 0.541630 0.174071 -0.862500
186 -0.7182106878 -0.153555 -0.255679 -0.241109 0.051324 -0.200590 0.162567 -0.239200 -0.065304 -0.337759 0.015992 -1.000000
187 -0.6402711592 -0.448998 0.093383 -0.195109 -0.127791 -0.167738 0.372225 -0.110273 0.342019 0.264972 0.296672 -0.875034
188 -0.5938579989 0.273587 -0.266179 -0.162970 -0.045020 0.217038 -0.140279 0.079319 -0.125231 0.182211 0.252921 -0.830684
189 -0.7227701637 -0.000762 -0.000730 -0.302912 0.012404 -0.119508 0.270627 0.199465 -0.090020 -0.043411 -0.027712 -1.000000
190 -0.5954514098 -0.134510 -0.475992 -0.058891 -0.276029 0.092724 0.009091 -0.254234 0.058684 0.250426 0.265724 -0.809561
191 -0.6971172140 -0.083753 -0.002385 -0.073401 -0.210561 -0.064408 0.310635 -0.132409 0.060876 0.313087 0.051469 -0.919340
192 -0.7441298887 -0.051519 -0.474337 -0.288402 -0.053064 0.037623 -0.030916 0.077639 -0.092212 -0.106072 0.186542 -1.000000
193 -0.7524307006 0.005248 -0.259706 -0.293665 -0.112230 -0.130712 -0.111543 -0.011262 0.226352 0.004634 0.146689 -0.951948
194 -0.6956464597 -0.140520 -0.217016 -0.068137 -0.151395 0.103927 0.391261 -0.043508 -0.257688 0.202381 0.091322 -1.000000
195 -0.6615455853 -0.110302 -0.298768 -0.382290 0.087143 -0.226121 0.415428 0.152714 0.136271 0.523317 0.040932 -1.000000
196 -0.5870476161 -0.024970 -0.177954 0.020488 -0.350769 0.199336 -0.135710 -0.207483 -0.167607 -0.316301 0.197079 -0.847182
197 -0.7546680250 0.021083 -0.113910 -0.399110 -0.075284 -0.144454 -0.109421 0.202836 0.102563 0.171593 0.072580 -1.000000
198 -0.5976653167 -0.156355 -0.362812 0.037307 -0.188341 0.117670 0.389140 -0.257605 -0.133899 0.035422 0.165432 -0.897556
199 -0.7203890803 -0.135065 -0.230670 -0.342176 0.157130 -0.204400 -0.162877 0.222769 0.123851 0.048531 0.181279 -1.000000
200 -0.7086321750 0.131350 -0.161980 -0.316535 -0.314553 -0.004911 0.079612 -0.001441 0.040664 0.085002 0.019449 -0.851769
201 -0.6153176060 0.077526 -0.085608 -0.222380 0.018705 0.186503 0.005198 0.242938 0.109285 0.055277 -0.064523 -0.781607
202 -0.7042163244 -0.081241 -0.307042 -0.436331 -0.176129 -0.395814 -0.088464 -0.021610 0.055231 0.078256 0.265251 -1.000000
203 -0.7347447989 -0.147531 0.011468 -0.326289 -0.044938 -0.160338 0.082010 0.037726 0.267406 -0.048583 0.251229 -1.000000
204 -0.6407990580 0.143816 -0.404117 -0.332422 -0.112486 -0.048973 -0.165275 0.183601 -0.102891 0.182116 -0.050501 -0.922665
205 -0.6639869388 0.014410 -0.127562 -0.498568 -0.119902 -0.170460 -0.148751 0.290087 0.204741 0.189733 0.281654 -0.849499
206 -0.7848145175 -0.018125 -0.265088 -0.160143 -0.037521 -0.038851 0.065486 -0.068759 -0.040225 -0.056200 -0.080925 -1.000000
207 -0.7312883168 -0.001352 -0.155809 -0.252886 -0.036411 -0.110694 -0.223632 0.139797 0.228553 0.126211 0.130316 -1.000000
208 -0.6459468163 -0.002363 -0.236840 -0.405825 -0.121013 -0.098617 0.140366 0.081531 -0.064037 0.007322 0.070412 -0.790552
209 -0.6655039527 0.131819 -0.228813 -0.381786 0.234962 -0.071104 0.034662 0.147439 0.040831 0.094086 -0.062629 -1.000000
210 -0.6891428370 0.022188 -0.179679 -0.139907 -0.271311 -0.063064 0.018858 0.076599 0.241902 -0.006072 0.206104 -0.873975
211 -0.6447060890 0.034811 -0.202397 -0.147188 -0.071214 0.048822 0.167348 -0.033116 0.230163 -0.106300 0.067945 -0.833554
212 -0.7520762019 -0.143318 -0.130082 -0.340497 0.006258 -0.243610 -0.166919 0.083560 -0.020275 0.091239 0.075118 -1.000000
213 -0.7628684325 -0.175929 -0.314481 -0.136889 0.090128 -0.155163 0.000111 -0.041555 0.132239 -0.110697 0.064581 -1.000000
214 -0.7385106158 0.067422 -0.017998 -0.350796 -0.155084 -0.039625 0.000319 0.091999 0.077650 0.095635 0.078482 -0.922418
215 -0.6885304257 -0.185728 -0.278001 -0.058860 0.016765 -0.142358 0.226132 0.080896 -0.003296 0.112019 0.210398 -0.901670
216 -0.7039561491 0.077221 -0.054477 -0.428824 -0.081721 -0.052430 -0.225703 -0.030452 0.213185 -0.127081 -0.067334 -1.000000
217 -0.5217315993 -0.210622 0.064216 -0.401814 -0.066011 0.022904 0.043886 0.200098 -0.021689 -0.155024 0.127175 -0.745546
218 -0.6891496215 0.102115 -0.396694 -0.085871 0.001055 -0.217692 -0.043457 -0.149654 0.231578 0.139962 0.015889 -1.000000
219 -0.6743683962 0.142990 -0.036161 -0.122685 -0.163012 -0.392364 -0.050051 0.176564 0.248564 0.096638 0.132518 -0.975139
220 -0.7472763301 -0.251497 -0.296317 -0.364999 0.098056 0.197576 0.050480 -0.126120 -0.038675 -0.111700 0.010545 -1.000000
221 -0.7319755616 -0.205834 -0.181052 -0.324412 0.076886 0.129648 -0.004227 -0.069317 -0.168893 -0.023591 0.081786 -0.973528
222 -0.7616534378 -0.084522 -0.264374 -0.199532 -0.000867 -0.337893 -0.086493 0.050942 0.292696 -0.053087 0.026140 -1.000000
223 -0.7118143745 0.024585 -0.187520 -0.175951 0.158003 -0.087854 -0.085039 -0.004989 0.014587 -0.083809 0.082492 -0.902261
224 -0.7872980155 -0.314941 -0.257906 -0.347993 -0.081983 -0.120390 -0.005681 -0.013387 0.109217 0.007131 0.025433 -1.000000
225 -0.7368118591 -0.273997 -0.196362 -0.030855 0.170611 0.131210 0.067195 -0.078858 -0.078739 -0.068529 0.173743 -1.000000
226 -0.7159282648 -0.016359 -0.249064 -0.493088 -0.094591 -0.339455 -0.157915 0.060482 0.202543 -0.008149 -0.065818 -0.941523
227 -0.7554166065 -0.227408 -0.335127 -0.208710 0.118747 -0.024503 -0.007922 0.101178 0.032279 -0.033890 0.040967 -0.920564
228 -0.7876476796 -0.062948 -0.110299 -0.315234 -0.042728 -0.183741 -0.082799 -0.119554 0.091524 -0.042788 0.066959 -1.000000
229 -0.7243437953 -0.230579 -0.463153 -0.283984 -0.176578 -0.258855 -0.246795 -0.063890 0.043230 -0.141752 0.111697 -0.943170
230 -0.7441104017 -0.059777 0.017727 -0.239959 0.252597 0.050610 0.156075 0.045514 0.080574 0.065074 -0.003772 -1.000000
231 -0.6216656708 -0.168435 -0.165547 -0.261464 0.058232 -0.076205 -0.004511 -0.065104 0.181269 0.121473 0.094734 -0.824006
232 -0.7687653957 -0.111687 -0.158008 -0.302207 -0.088770 -0.209964 -0.075048 -0.109413 -0.015457 -0.120304 -0.086133 -1.000000
233 -0.7613036139 -0.217564 -0.260855 -0.248449 -0.149974 -0.148991 -0.198172 -0.037041 0.147922 -0.127449 -0.070765 -1.000000
234 -0.7103300059 -0.079934 -0.121217 -0.333533 0.114961 -0.184909 0.107406 -0.032139 0.098829 0.075904 0.158007 -0.968635
235 -0.7587081766 -0.101241 -0.127437 -0.381625 0.035538 -0.265874 -0.019179 -0.027734 -0.058364 -0.167425 0.072434 -1.000000
236 -0.7333374269 -0.196257 -0.254634 -0.200357 -0.070551 -0.068025 -0.071587 -0.041446 0.305115 0.115880 0.014808 -0.972133
237 -0.6987208669 -0.236410 -0.263898 -0.375918 -0.026141 -0.205885 -0.232683 0.077043 -0.032745 0.067097 0.034125 -0.839383
238 -0.7696716083 -0.061088 -0.118174 -0.206064 -0.008872 -0.128015 0.141917 -0.146224 0.279496 -0.118642 0.053117 -1.000000
239 -0.7091344431 -0.066876 -0.305212 -0.282446 0.066050 -0.072727 -0.122777 0.126649 0.020026 0.090734 0.015703 -0.957669
240 -0.7619735232 -0.230622 -0.076859 -0.299535 -0.101062 -0.261173 0.032011 -0.195829 0.226724 -0.142279 0.071539 -1.000000
241 -0.7573535136 -0.028264 -0.115176 -0.276351 0.030232 -0.219763 -0.073823 -0.061941 0.101218 -0.016886 0.147171 -1.000000
242 -0.7209363369 -0.269233 -0.266895 -0.305631 -0.065245 -0.114137 -0.016943 -0.007239 0.145532 -0.034659 -0.059929 -0.848489
243 -0.7799150212 -0.189323 -0.060655 -0.197204 -0.029184 -0.091980 0.000316 -0.125350 0.103115 -0.047473 0.024471 -1.000000
244 -0.7195108138 -0.049778 -0.211492 -0.320219 -0.084834 -0.267600 0.052508 -0.132609 0.227859 -0.204518 -0.007859 -0.890575
245 -0.7229396309 -0.038527 -0.161409 -0.255195 0.114147 -0.096716 0.064889 -0.132070 -0.052450 -0.045626 -0.089523 -0.959489
246 -0.7333990810 -0.200574 -0.110738 -0.262227 -0.228165 -0.262864 -0.012065 -0.125890 0.383424 -0.206365 0.106135 -1.000000
247 -0.7541575428 -0.212411 -0.217793 -0.251511 -0.053145 -0.223402 0.058220 -0.104889 0.185886 -0.199079 0.030538 -1.000000
248 -0.7230575452 -0.026691 -0.054354 -0.265911 -0.060872 -0.136178 -0.005396 -0.153071 0.145088 -0.052912 -0.013926 -0.912392
249 -0.7776395709 -0.126086 -0.072849 -0.308468 0.081097 -0.128003 0.093822 -0.005675 0.122195 -0.150418 0.015002 -1.000000
250 -0.7256530694 -0.113015 -0.199299 -0.208954 -0.195114 -0.231577 -0.040998 -0.252284 0.208779 -0.101573 0.001610 -0.964857
251 -0.7262598502 -0.217481 -0.144915 -0.311415 0.049457 -0.180589 -0.047179 -0.236427 0.232652 0.008767 -0.037750 -0.918056
252 -0.7646079834 -0.021620 -0.127233 -0.206007 -0.163474 -0.178991 0.100003 -0.021533 0.098323 -0.260758 0.054362 -1.000000
253 -0.7457459863 -0.042731 -0.132728 -0.036116 -0.104655 -0.136228 0.195108 -0.017833 0.229115 0.073644 -0.037609 -1.000000
254 -0.7549783955 -0.245311 -0.037137 -0.320613 0.047082 -0.311750 0.058284 -0.061985 0.142364 -0.081417 0.261582 -1.000000
255 -0.7717772376 -0.235519 -0.064565 -0.188357 -0.108682 -0.130618 0.098707 -0.127080 -0.034978 -0.096709 0.009695 -1.000000
256 -0.7566404799 -0.045757 -0.122143 -0.264060 0.052519 -0.130651 0.012594 -0.012702 0.276772 -0.142232 0.039945 -0.948905
257 -0.7399438663 -0.138879 -0.038953 -0.267530 -0.108334 -0.165404 0.123259 0.101845 0.167638 0.021128 -0.117725 -0.929135
258 -0.7253425445 -0.142396 -0.147756 -0.184887 0.052171 -0.095865 -0.011958 -0.241627 0.074155 -0.260069 0.167365 -1.000000
259 -0.7052775708 -0.285513 0.031268 -0.200089 0.110212 -0.091967 0.157331 -0.068164 0.276346 -0.141139 -0.206177 -0.923865
260 -0.7559122698 0.004237 -0.217977 -0.252328 -0.166375 -0.169302 -0.046030 -0.071618 -0.034552 -0.097802 0.255817 -1.000000
261 -0.7618591599 -0.012746 -0.164980 -0.193889 -0.035538 -0.057977 0.093196 -0.076478 -0.018394 -0.155436 0.053699 -0.962125
262 -0.7650061879 -0.268530 -0.021729 -0.258528 -0.020625 -0.203292 0.018106 -0.063304 0.260187 -0.083505 -0.004058 -1.000000
263 -0.7668161695 -0.281435 -0.167447 -0.153545 0.011207 -0.128957 0.102973 -0.075970 0.081110 -0.211341 -0.124838 -0.971122
264 -0.7511873294 0.000159 -0.019261 -0.298872 -0.067371 -0.132312 0.008329 -0.063812 0.160684 -0.027600 0.174478 -1.000000
265 -0.7436070040 -0.296736 -0.183523 -0.111307 0.012791 -0.054727 0.092144 -0.072890 -0.114950 -0.143916 -0.199230 -0.970770
266 -0.7562194255 -0.149562 -0.010119 -0.278083 -0.109427 -0.215668 0.072131 -0.113317 0.234714 -0.120893 0.154383 -1.000000
267 -0.7414838262 -0.220693 -0.045278 -0.166972 -0.158362 -0.110804 0.175924 0.024862 -0.037671 -0.051405 0.067514 -0.929999
268 -0.7567560977 -0.225604 -0.148364 -0.222419 0.061726 -0.159592 -0.011649 -0.211069 0.157435 -0.213403 -0.112360 -1.000000
269 -0.7182750937 -0.352819 -0.121714 -0.260431 0.014561 -0.191206 0.107185 -0.083915 0.218932 -0.215848 -0.054929 -0.982941
270 -0.7620256712 -0.093479 -0.071927 -0.128960 -0.111197 -0.079189 0.057090 -0.102293 -0.099168 -0.048961 0.010082 -0.990018
271 -0.7383100735 -0.154464 -0.103834 -0.063640 -0.014756 -0.073036 0.182881 -0.080696 0.136210 -0.056891 -0.127126 -0.966275
272 -0.7580851097 -0.291834 -0.089807 -0.325751 -0.081880 -0.197359 -0.018606 -0.105511 -0.016446 -0.207917 0.082279 -1.000000
273 -0.7827799594 -0.166087 -0.118090 -0.181597 0.041993 -0.176228 0.096600 -0.043377 0.088265 -0.137530 0.047545 -1.000000
274 -0.7410673313 -0.280210 -0.075551 -0.207794 -0.138629 -0.094167 0.067675 -0.142830 0.031500 -0.127278 -0.092391 -0.876631
275 -0.7386607396 -0.189218 -0.091777 -0.393307 -0.041820 -0.119364 0.027937 -0.234183 0.154127 -0.063745 -0.030029 -0.975282
276 -0.7787968437 -0.157546 0.007158 -0.147143 -0.163843 -0.130913 0.134079 -0.164770 -0.046132 -0.097090 0.114488 -1.000000
277 -0.7848416647 -0.205869 0.000006 -0.200041 0.007509 -0.235775 -0.015832 -0.080805 0.098349 -0.109032 0.078092 -1.000000
278 -0.7437090034 -0.139976 -0.198918 -0.199705 -0.054784 -0.072802 0.126749 -0.096347 -0.029099 -0.156063 -0.012940 -0.932027
279 -0.7600453643 -0.126837 0.077823 -0.152286 -0.177332 -0.240640 -0.028053 -0.110343 -0.041875 -0.119004 0.132814 -0.944452
280 -0.7881768723 -0.219008 -0.276735 -0.247460 0.130057 -0.067938 0.138971 -0.066809 0.111125 -0.146091 -0.067662 -1.000000
281 -0.7396178301 -0.349551 -0.205923 -0.071296 0.004725 -0.185378 0.168585 -0.053019 -0.108204 -0.178424 0.122992 -0.955599
282 -0.7586374722 0.003706 0.007011 -0.328450 -0.052000 -0.123199 -0.057668 -0.124133 0.177454 -0.086671 -0.057839 -1.000000
283 -0.7584902101 -0.110473 -0.060204 -0.173514 0.018639 -0.296322 -0.001356 -0.031881 -0.004877 -0.034610 0.016980 -0.966251
284 -0.7687114000 -0.235371 -0.138708 -0.226232 -0.065914 -0.012255 0.112274 -0.145270 0.074127 -0.230485 0.048173 -1.000000
285 -0.7790117426 -0.127773 -0.231493 -0.209426 0.090243 -0.155309 -0.022962 -0.116554 0.002939 -0.079756 0.095149 -1.000000
286 -0.7584993806 -0.218072 0.032582 -0.190320 -0.137518 -0.153269 0.133880 -0.060597 0.066311 -0.185339 -0.029996 -0.934548
287 -0.7674611328 -0.221525 -0.133714 -0.174540 0.048605 -0.135619 0.086840 0.021086 0.010370 -0.101837 0.082464 -0.976875
288 -0.7800478539 -0.168731 -0.191691 -0.261404 0.059458 -0.125076 0.052458 -0.204512 0.135389 -0.146629 -0.041366 -1.000000
289 -0.7536774774 -0.197055 -0.204842 -0.255805 0.084104 -0.112171 0.061223 -0.191927 0.076875 -0.155893 -0.039537 -0.931855
290 -0.7695756630 -0.193201 -0.120563 -0.180139 0.023959 -0.148525 0.078075 0.008501 0.068885 -0.092574 0.080634 -1.000000
291 -0.7475821364 -0.133549 -0.105497 -0.207358 0.050415 -0.147120 0.003060 -0.056778 -0.025339 -0.278292 -0.020288 -1.000000
292 -0.7038218712 -0.256706 -0.219907 -0.228587 0.057648 -0.113575 0.136238 -0.126647 0.171099 0.029825 0.061386 -0.975472
293 -0.7453104436 -0.138271 -0.127922 -0.194606 -0.036130 -0.037219 0.048636 -0.077811 0.082867 -0.138711 0.042865 -0.953697
294 -0.7257171628 -0.251984 -0.197483 -0.241338 0.144193 -0.223477 0.090662 -0.105614 0.062893 -0.109756 -0.001768 -1.000000
295 -0.7631806715 -0.155115 -0.196266 -0.281236 0.157412 -0.182489 0.017253 0.057160 -0.007262 -0.097443 0.019091 -1.000000
296 -0.7329547269 -0.235140 -0.129138 -0.154708 -0.049349 -0.078207 0.122045 -0.240586 0.153021 -0.151024 0.022006 -0.931034
297 -0.7605148052 -0.204622 -0.154737 -0.245059 -0.060072 -0.098131 0.035290 0.036426 0.075690 -0.027925 0.071078 -0.955963
298 -0.7698691543 -0.224437 -0.114355 -0.191529 0.108221 -0.048036 0.067262 -0.130684 0.117202 -0.206408 -0.041424 -1.000000
299 -0.7901386393 -0.220771 -0.117552 -0.180361 0.068780 -0.084475 0.087384 -0.047232 0.034163 -0.107129 -0.133952 -1.000000
300 -0.7560424051 -0.147616 -0.206754 -0.273199 0.036424 -0.190339 0.034107 -0.102679 0.127085 -0.122831 0.178220 -0.938626
301 -0.7700227582 -0.136701 -0.154490 -0.237207 0.034772 -0.119762 0.038586 -0.112756 0.099093 -0.083179 0.013296 -0.970217
302 -0.7842126474 -0.231686 -0.169816 -0.216353 0.070432 -0.155052 0.082905 -0.037155 0.062155 -0.146780 0.030972 -1.000000
303 -0.7754047487 -0.247059 -0.244102 -0.278362 0.083660 -0.158806 0.050616 -0.103027 0.098853 -0.198940 0.036660 -1.000000
304 -0.7412156594 -0.121328 -0.080204 -0.175198 0.021545 -0.116008 0.070875 -0.046884 0.062395 -0.031020 0.007608 -0.947263
305 -0.7474909937 -0.195904 -0.116475 -0.244590 0.080703 -0.140704 0.078232 -0.038159 0.160777 -0.044518 0.126048 -0.998086
306 -0.7293757963 -0.172483 -0.207831 -0.208971 0.024501 -0.134109 0.043259 -0.111752 0.000471 -0.185442 -0.081780 -0.990379
307 -0.7705084508 -0.201026 -0.150737 -0.133585 0.020492 -0.092458 0.135614 -0.074311 0.148516 -0.150963 0.049341 -1.000000
308 -0.7154141279 -0.167362 -0.173569 -0.319975 0.084712 -0.182356 -0.014122 -0.075600 0.012732 -0.078997 -0.005073 -0.962079
309 -0.7682544507 -0.234405 -0.132215 -0.190308 0.070817 -0.167391 0.125800 -0.066708 0.104285 -0.132464 0.014736 -0.999452
310 -0.7619631108 -0.210435 -0.182157 -0.217818 0.060198 -0.068075 0.039500 -0.051984 0.028191 -0.139621 -0.090560 -0.997945
311 -0.7567117543 -0.152864 -0.208403 -0.150972 0.099671 -0.045522 0.206292 -0.055679 -0.033693 -0.103720 -0.062613 -1.000000
312 -0.7314689615 -0.291976 -0.105969 -0.257155 0.031345 -0.189944 -0.040992 -0.063013 0.166169 -0.168365 -0.013210 -0.985444
313 -0.7611082182 -0.229066 -0.239627 -0.261990 0.087657 -0.080523 0.028538 -0.126739 0.174359 -0.083704 -0.081323 -1.000000
314 -0.7560102706 -0.215774 -0.074745 -0.146137 0.043358 -0.154944 0.136762 0.008048 -0.041883 -0.188380 0.005500 -0.965347
315 -0.7859953935 -0.246217 -0.184896 -0.224434 0.051883 -0.155402 0.061871 -0.036498 0.078213 -0.141352 0.021877 -1.000000
316 -0.7642876113 -0.198623 -0.129476 -0.183693 0.079132 -0.080064 0.103429 -0.082194 0.054263 -0.130733 -0.097701 -0.982117
317 -0.6831695233 -0.299947 -0.221587 -0.241659 0.013489 -0.107460 0.151610 -0.107500 -0.018717 -0.068518 -0.038565 -0.996748
318 -0.7502823324 -0.144893 -0.092785 -0.166467 0.117526 -0.128006 0.013690 -0.011192 0.151193 -0.203566 -0.037259 -1.000000
319 -0.7818677217 -0.193951 -0.119046 -0.126560 0.049762 -0.149656 0.124866 -0.049197 0.081041 -0.115220 0.039517 -1.000000
320 -0.7954599001 -0.192497 -0.131004 -0.201627 0.027422 -0.131596 0.078754 -0.138070 0.050868 -0.152528 -0.048103 -1.000000
321 -0.7677813570 -0.209254 -0.095236 -0.159726 0.069072 -0.217821 0.139061 -0.034287 0.078981 -0.125515 0.014310 -0.962500
322 -0.7844916390 -0.239343 -0.211349 -0.217747 0.045894 -0.071661 0.045233 -0.065676 0.078570 -0.138255 0.003287 -1.000000
323 -0.7600330684 -0.245420 -0.174936 -0.146474 0.074545 -0.181340 0.057693 -0.056349 0.017366 -0.110847 0.011242 -0.978498
324 -0.7782234011 -0.203178 -0.131648 -0.230999 0.040421 -0.108141 0.126602 -0.043613 0.140186 -0.152922 0.006355 -1.000000
325 -0.7668928030 -0.186441 -0.130541 -0.214123 0.057899 -0.100241 0.110030 -0.061672 0.038178 -0.121396 -0.044581 -0.962590
326 -0.7796144694 -0.262156 -0.176044 -0.163350 0.057067 -0.189241 0.074264 -0.038291 0.119373 -0.142373 0.062178 -1.000000
327 -0.7805921453 -0.218374 -0.111158 -0.208493 0.040402 -0.169411 0.082683 -0.063275 0.127649 -0.124586 0.013225 -0.981093
328 -0.7880203174 -0.230223 -0.195426 -0.168980 0.074564 -0.120071 0.101612 -0.036688 0.029902 -0.139183 0.004371 -1.000000
329 -0.7929189742 -0.227336 -0.142150 -0.197875 -0.037688 -0.174271 0.130070 0.009947 0.089422 -0.117643 0.025051 -1.000000
330 -0.7661556028 -0.221261 -0.164435 -0.179598 0.152653 -0.115211 0.054225 -0.109910 0.068130 -0.146126 -0.007454 -0.979348
331 -0.7772818630 -0.229756 -0.177382 -0.241033 0.052709 -0.122908 0.076946 -0.108294 0.067858 -0.140593 0.065872 -1.000000
332 -0.7734811414 -0.197497 -0.125792 -0.153128 -0.011769 -0.150586 0.109016 -0.035573 0.059315 -0.136436 -0.090754 -0.970147
333 -0.7525293019 -0.227257 -0.195943 -0.223165 0.071830 -0.164692 0.098183 -0.113367 0.067791 -0.207006 -0.023785 -0.975701
334 -0.7835826634 -0.199996 -0.107231 -0.170996 -0.030889 -0.108803 0.087779 -0.030500 0.059383 -0.070022 -0.001097 -1.000000
335 -0.7855580211 -0.183284 -0.149588 -0.184616 0.010905 -0.113535 0.054427 -0.024240 0.062209 -0.067484 -0.031610 -1.000000
336 -0.7389121375 -0.243969 -0.153586 -0.209545 0.030035 -0.159960 0.131535 -0.119627 0.064964 -0.209544 0.006729 -0.989279
337 -0.7967809108 -0.170699 -0.092553 -0.206974 0.025123 -0.179078 0.138559 -0.105792 0.051115 -0.148655 -0.072984 -1.000000
338 -0.7451309235 -0.256554 -0.210621 -0.187188 0.015818 -0.094416 0.047403 -0.038075 0.076059 -0.128373 0.048102 -0.994061
339 -0.7734815759 -0.207849 -0.203264 -0.205133 0.065968 -0.147766 0.073288 -0.030625 0.056860 -0.151305 0.000087 -0.963532
340 -0.7953938445 -0.219404 -0.099910 -0.189028 -0.025027 -0.125729 0.112674 -0.113242 0.070314 -0.125723 -0.024969 -1.000000
341 -0.7805950040 -0.178144 -0.128714 -0.234682 0.056627 -0.170872 0.104787 -0.078992 0.071200 -0.175370 0.054583 -1.000000
342 -0.7829201848 -0.160783 -0.111047 -0.221577 0.030455 -0.171106 0.127046 -0.092003 0.064636 -0.144230 0.034083 -1.000000
343 -0.7814248034 -0.149650 -0.060039 -0.246985 0.009260 -0.161367 0.084703 -0.057479 0.013655 -0.092913 -0.036602 -1.000000
344 -0.7551521889 -0.227932 -0.153912 -0.145508 0.001710 -0.132526 0.137995 -0.113947 0.105738 -0.152391 -0.045197 -0.984377
345 -0.7620174383 -0.232881 -0.114941 -0.200686 -0.010647 -0.159769 0.161606 -0.127356 0.038251 -0.110587 -0.063901 -0.950355
346 -0.7793672042 -0.144702 -0.099010 -0.191807 0.021616 -0.134123 0.061092 -0.044070 0.081142 -0.134717 -0.017898 -1.000000
347 -0.7873655226 -0.162011 -0.106643 -0.148827 -0.026163 -0.114808 0.116546 -0.084596 -0.018740 -0.127549 -0.069047 -1.000000
348 -0.7811429556 -0.215571 -0.107308 -0.243665 0.037132 -0.179085 0.106152 -0.086830 0.138133 -0.117754 -0.012752 -0.987020
349 -0.7768230130 -0.144816 -0.127164 -0.192854 0.020912 -0.140546 0.090324 -0.158139 0.065375 -0.120475 -0.059610 -0.974438
350 -0.7913669964 -0.232766 -0.086787 -0.199638 -0.009943 -0.153347 0.132375 -0.013286 0.054018 -0.124828 -0.022189 -1.000000
351 -0.7911676831 -0.216902 -0.035087 -0.153629 0.001624 -0.190678 0.132742 -0.097828 -0.017153 -0.155225 -0.006039 -1.000000
352 -0.7663404525 -0.160680 -0.178864 -0.238863 0.009345 -0.103215 0.089956 -0.073597 0.136546 -0.090079 -0.075761 -0.982434
353 -0.7805938281 -0.168732 -0.006302 -0.242056 -0.057147 -0.189480 0.090819 -0.110204 0.004401 -0.108315 -0.043022 -0.997583
354 -0.7739580242 -0.243669 -0.149017 -0.124502 0.047496 -0.128224 0.163661 -0.003766 0.040501 -0.159239 0.001258 -1.000000
355 -0.7899429661 -0.187483 -0.054670 -0.213987 -0.112892 -0.197359 0.096651 -0.023424 0.027381 -0.114986 -0.031122 -1.000000
356 -0.7584455483 -0.224918 -0.100648 -0.152572 0.103241 -0.120344 0.157829 -0.090546 0.017521 -0.152568 -0.010642 -0.987294
357 -0.7857775308 -0.203071 -0.082127 -0.191887 -0.035722 -0.164521 0.118394 -0.084800 0.060442 -0.116605 -0.014290 -1.000000
358 -0.7933296907 -0.209330 -0.073191 -0.174671 0.026071 -0.153183 0.136086 -0.029169 -0.015540 -0.150949 -0.027475 -0.992196
359 -0.7969427209 -0.226317 -0.128560 -0.221122 0.048180 -0.161105 0.124203 -0.103367 0.072857 -0.179197 -0.048251 -1.000000
360 -0.7634295998 -0.186084 -0.026758 -0.145437 -0.057831 -0.156598 0.130277 -0.010603 -0.027955 -0.088357 0.006487 -0.971892
361 -0.7728024256 -0.232360 -0.072092 -0.195286 0.040906 -0.189017 0.179277 -0.064856 0.074786 -0.135165 -0.044998 -1.000000
362 -0.7603372784 -0.180042 -0.083227 -0.171272 -0.050557 -0.128686 0.075203 -0.049114 -0.029884 -0.132389 0.003234 -0.999187
363 -0.7779491968 -0.176040 -0.072305 -0.185574 -0.005640 -0.217978 0.100505 -0.003373 0.079730 -0.169753 -0.028587 -1.000000
364 -0.7778517482 -0.251258 -0.123270 -0.222430 -0.010634 -0.109104 0.133838 -0.075359 -0.027446 -0.127141 -0.004263 -1.000000
365 -0.7998620695 -0.215354 -0.119666 -0.227808 0.033564 -0.150692 0.064462 -0.126978 0.069638 -0.133184 -0.027235 -1.000000
366 -0.7657541227 -0.205873 -0.064018 -0.183743 -0.027899 -0.182538 0.176998 -0.011092 0.006001 -0.170625 -0.045572 -0.971347
367 -0.7502647301 -0.193422 -0.115253 -0.207019 0.010274 -0.158462 0.160650 -0.070365 0.021243 -0.114909 0.018063 -0.977425
368 -0.7779754435 -0.227806 -0.068431 -0.204532 -0.004609 -0.174769 0.080811 -0.067705 0.054397 -0.188900 -0.090869 -1.000000
369 -0.7961649689 -0.205839 -0.122035 -0.244436 0.011341 -0.161707 0.129772 -0.076988 0.024106 -0.177469 -0.081998 -1.000000
370 -0.7789053206 -0.215388 -0.061649 -0.167115 -0.005676 -0.171523 0.111689 -0.061082 0.051533 -0.126341 0.009192 -0.991898
371 -0.7705666865 -0.175377 -0.124060 -0.178200 0.014786 -0.133540 0.131797 -0.040937 -0.012546 -0.113873 -0.020242 -0.987058
372 -0.7754514747 -0.245851 -0.059624 -0.233351 -0.009121 -0.199691 0.109664 -0.097133 0.088186 -0.189937 -0.052564 -1.000000
373 -0.7880598565 -0.227751 -0.164159 -0.221338 -0.004678 -0.153510 0.080974 -0.108356 0.067612 -0.177511 -0.070097 -1.000000
374 -0.7448955888 -0.193476 -0.019525 -0.190213 0.010343 -0.179720 0.160486 -0.029715 0.008027 -0.126299 -0.002709 -0.972612
375 -0.7657054431 -0.211316 -0.050193 -0.206699 0.021544 -0.132155 0.105040 -0.116997 0.052352 -0.210929 -0.071236 -0.989467
376 -0.7923959903 -0.219596 -0.189416 -0.241691 0.010203 -0.182122 0.074384 -0.086446 0.057415 -0.097037 -0.024806 -1.000000
377 -0.8003566506 -0.197080 -0.132385 -0.249696 0.009019 -0.149312 0.053878 -0.107803 0.080412 -0.177446 -0.036788 -1.000000
378 -0.7816552612 -0.233832 -0.107223 -0.198695 0.022728 -0.164966 0.125546 -0.095640 0.029355 -0.130521 -0.059254 -0.956493
379 -0.7836601034 -0.228195 -0.098647 -0.219907 -0.027069 -0.148485 0.086950 -0.110465 0.039703 -0.145713 -0.047058 -0.978219
380 -0.7926386407 -0.202717 -0.140962 -0.228483 0.058816 -0.165792 0.092474 -0.092978 0.070064 -0.162254 -0.048984 -1.000000
381 -0.7671298064 -0.230158 -0.127852 -0.244760 0.081185 -0.198706 0.176631 -0.044942 0.082598 -0.173663 -0.003432 -1.000000
382 -0.7826087308 -0.200754 -0.111757 -0.203630 -0.049439 -0.115572 0.002793 -0.158501 0.027169 -0.134303 -0.092610 -0.974884
383 -0.7711226346 -0.171116 -0.100542 -0.230116 0.014670 -0.131924 0.075852 -0.117783 0.067517 -0.147685 -0.011546 -0.999854
384 -0.7855804814 -0.259796 -0.139067 -0.218274 0.017077 -0.182353 0.103571 -0.085660 0.042250 -0.160282 -0.084496 -0.998571
385 -0.7936402336 -0.199907 -0.136015 -0.267866 0.054164 -0.158979 0.034044 -0.109214 0.014907 -0.144906 -0.051226 -1.000000
386 -0.7976553474 -0.208723 -0.145416 -0.237720 0.000474 -0.152629 0.088707 -0.121524 0.018689 -0.111310 -0.089322 -1.000000
387 -0.7922229501 -0.227668 -0.160525 -0.296713 0.053586 -0.188944 0.005907 -0.155706 0.075299 -0.160912 -0.071765 -1.000000
388 -0.7593635765 -0.179714 -0.120678 -0.200897 0.005716 -0.129516 0.112559 -0.049629 0.039775 -0.154658 -0.015311 -0.983825
389 -0.7320036721 -0.149091 -0.155923 -0.282669 0.074650 -0.116852 0.040708 -0.078387 0.000554 -0.180519 -0.074598 -0.982547
390 -0.7921006783 -0.258290 -0.125280 -0.214941 -0.015348 -0.201608 0.077758 -0.126948 0.114520 -0.135050 -0.012478 -1.000000
391 -0.7859096964 -0.197810 -0.114746 -0.279502 0.020213 -0.155211 0.064469 -0.090660 0.060546 -0.143569 -0.038676 -1.000000
392 -0.7843158386 -0.209572 -0.166458 -0.218107 0.039089 -0.163249 0.053997 -0.114675 0.054527 -0.172001 -0.048399 -0.964322
393 -0.7559457405 -0.195499 -0.138338 -0.274407 0.086827 -0.142018 0.058484 -0.111521 0.044288 -0.203758 -0.068166 -0.962777
394 -0.7876830294 -0.211883 -0.142866 -0.223202 -0.027524 -0.176443 0.059982 -0.093814 0.070786 -0.111812 -0.018909 -1.000000
395 -0.7891808700 -0.164675 -0.142196 -0.247480 0.041448 -0.162021 0.057442 -0.033708 0.031902 -0.136016 -0.056126 -1.000000
396 -0.7713147968 -0.242706 -0.139008 -0.250130 0.017854 -0.156439 0.061024 -0.171627 0.083172 -0.179554 -0.030949 -0.959488
397 -0.7355106366 -0.246834 -0.154968 -0.253966 -0.007253 -0.219812 0.063160 -0.138902 0.095476 -0.131366 -0.023393 -0.995763
398 -0.8019900974 -0.188778 -0.136283 -0.245606 0.036437 -0.124760 0.058411 -0.104460 0.010693 -0.130118 -0.107856 -1.000000
399 -0.7938485112 -0.172372 -0.094047 -0.203479 0.021584 -0.202155 0.066099 -0.126570 0.056636 -0.172859 -0.056079 -1.000000
400 -0.7090964902 -0.263240 -0.197204 -0.296093 0.007601 -0.142418 0.055472 -0.116791 0.049533 -0.088625 -0.075170 -0.990578
401 -0.7934088076 -0.217068 -0.137164 -0.243933 0.007877 -0.104360 0.086054 -0.183331 -0.029394 -0.101296 -0.076882 -1.000000
402 -0.7707492369 -0.218544 -0.154087 -0.255639 0.021308 -0.240213 0.035517 -0.060030 0.135563 -0.160188 -0.054367 -0.962615
403 -0.7762467528 -0.209894 -0.124258 -0.231972 -0.009981 -0.174689 0.079807 -0.077965 0.053951 -0.127930 -0.057928 -0.974455
404 -0.7836955305 -0.225718 -0.166992 -0.267600 0.039166 -0.169884 0.041764 -0.165397 0.052218 -0.133554 -0.073320 -1.000000
405 -0.7966156873 -0.244755 -0.128120 -0.224147 0.034651 -0.177545 0.084000 -0.151967 0.094409 -0.168613 -0.032654 -1.000000
406 -0.7283548764 -0.190857 -0.163131 -0.275425 -0.005466 -0.167028 0.037571 -0.091394 0.011760 -0.092871 -0.098594 -0.992022
407 -0.7461224972 -0.189140 -0.154613 -0.283153 -0.003781 -0.135725 0.017732 -0.145825 0.062257 -0.126927 -0.045934 -0.992050
408 -0.7997967575 -0.218282 -0.087232 -0.221803 0.044007 -0.151794 0.117238 -0.107677 0.058185 -0.146529 -0.082886 -1.000000
409 -0.8021694644 -0.194152 -0.116931 -0.249399 0.026611 -0.123015 0.031134 -0.155152 0.042880 -0.141174 -0.087936 -1.000000
410 -0.7892049471 -0.216166 -0.140153 -0.218106 0.035072 -0.180009 0.105641 -0.106800 0.033709 -0.148240 -0.061915 -0.972390
411 -0.7858092665 -0.202226 -0.144346 -0.211224 0.026061 -0.176970 0.101499 -0.132718 0.026804 -0.126621 -0.125131 -0.946567
412 -0.7921676152 -0.208093 -0.112739 -0.256281 0.035623 -0.126055 0.035276 -0.129234 0.049785 -0.162794 -0.024720 -1.000000
413 -0.7852537159 -0.192397 -0.101661 -0.254953 0.042858 -0.175187 0.108995 -0.132192 0.040282 -0.181703 -0.065108 -1.000000
414 -0.7708878871 -0.217922 -0.155424 -0.212552 0.018826 -0.127838 0.027779 -0.129760 0.036307 -0.107712 -0.084743 -0.985770
415 -0.7825017890 -0.223114 -0.077047 -0.203832 0.016048 -0.153001 0.046616 -0.131560 0.042372 -0.142629 -0.059225 -0.991558
416 -0.7714387031 -0.187205 -0.180037 -0.263673 0.045635 -0.150023 0.090159 -0.130392 0.034216 -0.146785 -0.090626 -1.000000
417 -0.7915994864 -0.198995 -0.096736 -0.204387 0.025985 -0.102188 0.095296 -0.104490 -0.021242 -0.120484 -0.067716 -1.000000
418 -0.7592055438 -0.211324 -0.160349 -0.263118 0.035698 -0.200837 0.041478 -0.157462 0.097831 -0.168931 -0.082135 -0.996071
419 -0.7964471049 -0.213801 -0.130690 -0.220756 0.019760 -0.117956 0.073319 -0.142217 0.020110 -0.163351 -0.059811 -1.000000
420 -0.7677907456 -0.194713 -0.084240 -0.254307 0.046238 -0.145177 0.054667 -0.120390 0.062739 -0.125598 -0.086187 -0.991000
421 -0.7905380914 -0.232219 -0.114835 -0.220646 0.058735 -0.132770 0.069684 -0.092185 0.058336 -0.178699 -0.126607 -0.983067
422 -0.7946595626 -0.176295 -0.100095 -0.254417 0.007263 -0.130363 0.058302 -0.170422 0.024513 -0.110251 -0.019391 -1.000000
423 -0.7911211992 -0.180001 -0.096504 -0.231670 0.029109 -0.096671 0.107338 -0.118370 0.039566 -0.143564 -0.075524 -1.000000
424 -0.7789343712 -0.228513 -0.118425 -0.243393 0.036890 -0.166462 0.020648 -0.144237 0.043283 -0.145386 -0.070473 -0.988505
425 -0.7651602052 -0.220018 -0.139935 -0.256760 0.060498 -0.121198 0.050450 -0.107643 0.054404 -0.152390 -0.091422 -0.980917
426 -0.7941201682 -0.188495 -0.074995 -0.218302 0.005501 -0.141935 0.077536 -0.154965 0.028445 -0.136560 -0.054575 -1.000000
427 -0.7886903923 -0.193707 -0.111478 -0.206896 0.069824 -0.099571 0.080397 -0.110797 0.058339 -0.151370 -0.065959 -1.000000
428 -0.7744770428 -0.214807 -0.103451 -0.268167 -0.003826 -0.163562 0.047588 -0.151811 0.024510 -0.137580 -0.080039 -0.953724
429 -0.7965954934 -0.199884 -0.096620 -0.239827 0.017938 -0.129053 0.054627 -0.102938 0.078575 -0.133147 -0.071654 -1.000000
430 -0.7882209566 -0.209426 -0.111848 -0.230598 0.025494 -0.128524 0.070086 -0.156114 0.013031 -0.146554 -0.057679 -0.993558
431 -0.7838147564 -0.191992 -0.079817 -0.283878 -0.037168 -0.118608 0.078674 -0.097035 0.058748 -0.106413 -0.063729 -1.000000
432 -0.7670213018 -0.203315 -0.128309 -0.185682 0.069015 -0.133762 0.050709 -0.163422 0.036483 -0.169756 -0.052989 -0.997171
433 -0.7717974070 -0.210673 -0.134690 -0.208855 0.036687 -0.093110 0.086554 -0.093514 0.048899 -0.115799 -0.060816 -0.975541
434 -0.7990604080 -0.184634 -0.073437 -0.260705 -0.004840 -0.159260 0.042828 -0.166944 0.046332 -0.160371 -0.055902 -1.000000
435 -0.7798742659 -0.184405 -0.123178 -0.223151 0.009200 -0.143795 0.087570 -0.184264 0.045158 -0.163438 -0.054020 -1.000000
436 -0.7759760199 -0.210901 -0.084948 -0.246409 0.022647 -0.108575 0.041813 -0.076194 0.050073 -0.112731 -0.062697 -0.977541
437 -0.7978557138 -0.189082 -0.087083 -0.221047 -0.011393 -0.171528 0.049023 -0.136628 0.045871 -0.143615 -0.025490 -1.000000
438 -0.7817119783 -0.206224 -0.121044 -0.248513 0.043240 -0.080842 0.080360 -0.123830 0.049360 -0.132555 -0.091228 -0.997700
439 -0.7961694407 -0.171965 -0.127879 -0.252373 -0.016307 -0.146886 0.064509 -0.155423 0.013900 -0.104426 -0.022054 -1.000000
440 -0.7608357041 -0.223341 -0.080248 -0.217187 0.048154 -0.105484 0.064874 -0.105034 0.081331 -0.171743 -0.094664 -0.989008
441 -0.7744358195 -0.204931 -0.115500 -0.261676 0.023256 -0.109465 0.048480 -0.104741 0.038900 -0.148551 -0.047325 -0.981757
